100
1
535
4
899 467 287 142
2
144 604
4
965 629 963 766
6
453 622 555 687 339 430
6
942 927 180 129 997 785
12
281 722 350 22 24 675 767 986 878 779 494 335
8
897 948 976 68 366 494 213 282
17
822 585 705 936 86 773 465 397 943 456 635 226 487 25 574 747 281
7
773 175 199 475 853 738 970
17
666 378 938 17 457 340 193 557 768 155 401 857 162 924 678 690 455
16
902 267 208 703 557 982 831 6 21 852 268 308 787 289 525 447
13
687 421 638 551 429 381 786 164 171 649 478 114 533
9
736 22 10 871 563 487 759 16 146
27
261 427 739 35 196 959 270 539 930 602 985 189 925 795 609 156 488 457 391 62 117 573 156 260 703 801 187
3
427 340 41
34
851 86 147 709 846 661 909 89 568 779 482 959 369 470 69 572 676 567 307 104 742 638 962 27 953 66 434 355 381 743 79 296 202 48
36
207 148 252 471 18 490 900 645 376 261 738 954 97 722 758 637 970 237 802 86 607 530 997 958 638 744 517 727 312 925 909 486 155 936 550 601
18
903 754 758 974 349 740 546 565 895 330 971 465 20 692 835 412 399 319
33
551 546 986 869 586 665 322 656 933 32 785 502 181 521 489 705 923 430 302 315 606 679 481 296 633 657 192 261 207 740 811 393 594
31
914 126 371 433 123 900 3 382 815 763 512 349 748 586 964 475 685 849 96 566 693 287 869 943 850 409 659 388 726 8 362
21
874 910 837 531 203 948 496 968 294 11 622 711 951 757 901 8 733 551 477 847 378
4
283 538 374 674
4
924 387 371 172
11
452 759 375 448 726 718 799 850 896 370 364
50
191 118 513 753 834 121 547 262 701 103 181 134 520 621 726 359 487 670 676 840 661 767 482 119 553 68 461 734 139 397 604 747 568 416 573 418 640 332 213 481 185 911 976 871 421 149 302 50 326 317
54
493 425 690 924 442 712 827 253 521 802 575 868 765 845 393 278 271 132 923 199 250 211 330 215 178 895 6 599 745 635 868 93 352 492 738 128 158 854 495 869 424 752 533 383 309 659 51 301 333 720 219 894 621 294
44
568 674 611 581 157 800 810 927 191 69 907 822 602 943 928 212 999 878 787 170 194 71 117 827 993 174 769 807 437 312 607 889 341 90 525 517 909 994 968 450 134 256 312 943
24
16 889 630 512 158 238 506 975 974 120 718 413 280 860 867 544 317 282 365 11 496 169 203 530
48
409 385 214 101 520 923 953 453 870 177 324 847 932 554 564 672 479 654 396 254 987 988 683 72 898 804 822 760 868 362 768 97 960 471 765 505 96 166 470 12 978 520 999 514 643 333 893 846
47
712 875 516 283 741 523 167 812 737 209 444 504 942 979 30 25 970 733 743 74 99 74 879 18 1 284 868 758 431 340 543 259 640 813 510 785 42 195 708 963 322 833 649 626 460 808 31
51
548 844 890 588 366 559 67 546 686 265 514 385 709 87 173 944 34 48 569 775 680 71 427 579 505 139 100 175 159 666 815 284 746 923 128 864 580 763 27 621 157 24 54 512 843 881 212 290 185 206 455
45
163 412 442 362 244 281 304 825 404 597 459 269 65 761 861 4 344 738 132 415 968 997 238 639 252 215 802 611 467 124 230 167 494 821 618 97 309 823 777 901 646 814 591 545 403
65
659 370 374 886 506 277 28 358 133 370 684 859 737 114 91 934 313 617 325 630 730 222 513 395 931 384 681 800 758 443 997 414 79 352 835 701 481 18 525 677 175 53 832 107 790 25 812 760 220 220 756 627 212 813 452 631 674 356 722 735 853 520 299 885 950
55
587 402 700 123 247 624 545 788 83 835 644 868 659 29 443 203 312 177 173 466 314 672 434 199 164 7 80 827 297 322 419 256 944 233 847 700 214 288 117 259 233 805 808 769 493 43 707 340 469 91 9 311 335 834 488
51
764 117 738 761 242 761 50 331 240 255 488 480 350 140 449 694 519 151 30 369 348 972 310 690 822 613 395 515 543 296 414 654 213 540 960 325 596 125 751 397 711 199 953 860 763 775 335 353 664 852 393
70
965 893 850 992 31 676 56 368 93 968 154 715 531 576 742 452 9 43 918 25 720 173 454 803 881 772 997 552 841 985 974 352 100 953 138 516 661 323 963 106 135 308 487 933 339 102 559 850 7 527 356 917 775 558 413 434 619 168 894 639 645 264 825 958 853 206 90 833 131 998
9
974 319 273 633 74 464 417 352 74
28
893 411 620 473 84 432 676 575 919 519 26 208 767 165 441 356 478 54 771 509 945 798 415 251 738 53 541 23
13
93 496 706 320 241 338 473 829 843 102 951 684 114
24
639 945 847 988 772 134 218 406 544 121 318 811 173 877 773 929 187 710 297 961 823 342 585 43
76
445 772 771 992 661 669 389 526 59 490 676 379 281 867 990 463 145 324 43 186 68 383 196 17 849 545 801 316 449 79 83 213 526 245 760 670 972 946 668 711 368 780 108 996 53 195 46 847 429 661 501 575 412 974 929 684 177 409 611 533 222 911 926 352 830 178 368 117 870 31 135 24 36 135 489 330
20
32 924 971 162 292 21 86 481 974 588 928 682 924 259 150 152 293 567 802 904
65
88 313 31 967 707 445 331 599 318 562 315 285 51 983 579 806 262 492 375 819 73 922 496 343 599 450 413 702 612 982 977 748 251 870 178 502 682 409 354 345 168 417 814 718 111 384 164 167 621 860 497 161 980 293 536 557 352 527 23 285 17 57 572 95 550
18
284 633 698 368 412 745 603 953 41 863 108 858 361 667 277 364 508 324
17
501 13 916 117 1000 891 149 264 982 661 975 589 235 562 714 509 319
91
411 954 551 543 429 462 887 159 421 131 543 996 593 844 207 612 413 831 896 861 876 558 193 600 368 195 242 325 95 249 697 193 562 353 375 397 618 290 133 129 473 226 104 101 43 97 863 759 55 365 221 560 630 279 783 617 30 412 595 892 539 568 947 117 843 973 269 887 356 714 760 987 741 599 437 83 614 348 647 340 276 624 921 554 69 919 963 717 396 421 520
81
170 440 991 244 929 706 724 569 830 363 243 73 563 781 752 785 374 121 53 502 553 967 137 181 862 282 906 79 471 322 631 938 744 11 732 347 234 571 210 62 828 841 242 648 151 673 774 340 319 756 37 130 890 300 721 518 478 756 927 4 707 958 202 897 145 7 964 820 991 917 994 156 802 904 362 587 535 662 356 64 13
11
762 538 194 131 925 912 744 666 398 982 755
38
534 90 970 478 99 541 263 419 623 469 725 333 270 822 101 225 452 705 821 92 152 133 717 497 545 345 688 118 708 443 732 861 639 635 221 974 365 17
20
42 591 726 967 82 947 14 158 662 395 530 681 857 908 156 793 297 217 419 682
61
836 679 185 336 137 302 856 186 919 13 83 261 260 754 918 372 404 374 757 72 917 656 15 420 401 644 96 864 889 419 978 596 91 148 687 906 760 40 382 69 325 707 775 729 795 927 141 352 829 426 759 819 190 623 634 690 556 362 335 474 853
55
548 725 996 560 130 712 544 173 899 149 593 441 797 553 56 439 104 400 555 695 159 716 673 915 374 629 608 753 225 906 472 389 205 21 507 790 478 413 332 881 419 237 354 107 521 722 791 975 803 361 689 959 603 919 92
76
88 722 681 174 595 893 192 798 543 841 621 59 502 606 378 767 50 449 873 899 23 143 204 155 362 416 683 680 453 191 697 457 650 237 764 28 609 854 703 13 296 91 902 705 750 926 845 949 277 469 508 535 666 885 595 238 825 119 566 470 401 952 830 235 90 763 148 759 751 41 450 486 323 449 568 982
68
482 56 933 399 221 415 418 190 567 8 685 573 956 646 603 805 680 61 386 378 6 398 171 352 747 478 757 661 477 393 685 682 750 704 779 659 492 221 273 241 418 726 845 577 777 750 933 627 328 171 394 176 108 61 12 528 792 485 581 392 237 157 395 197 388 801 885 999
56
186 190 581 722 539 735 393 332 418 967 871 943 877 718 111 215 741 943 533 963 708 404 153 91 319 315 800 803 536 805 735 428 394 975 806 578 497 202 881 624 686 926 86 510 389 435 364 629 267 767 993 441 7 588 997 709
41
481 80 101 335 704 269 188 898 664 858 222 798 793 309 136 175 796 188 948 152 541 505 152 274 993 680 526 1 290 71 614 126 345 649 743 258 194 974 60 302 875
27
195 860 671 593 986 177 663 117 514 746 784 627 718 479 600 112 532 488 329 995 169 523 544 670 108 175 743
9
368 129 918 926 309 360 425 978 193
103
667 404 527 446 864 615 513 421 951 323 218 719 631 181 932 126 393 436 584 209 475 387 613 799 260 374 631 278 259 34 456 165 842 334 557 898 232 536 143 249 509 829 610 201 734 737 618 604 104 759 688 156 649 94 653 925 234 232 326 658 672 455 941 104 522 310 592 961 949 162 475 566 35 876 312 828 283 892 495 273 897 818 1000 691 662 828 141 566 794 335 877 400 878 36 619 163 558 354 781 150 563 681 576
104
199 698 569 58 49 944 206 488 665 234 19 140 246 657 417 214 290 857 801 748 407 173 622 114 291 731 504 719 102 705 804 979 724 75 209 432 6 571 333 141 643 483 766 681 540 57 837 34 637 456 573 346 808 663 394 754 323 256 140 622 497 951 162 893 343 125 291 307 212 824 719 180 987 648 372 767 438 945 974 477 208 936 806 229 12 476 722 334 708 547 165 424 362 86 165 903 834 449 635 749 232 75 128 122
70
702 882 91 430 228 950 100 830 991 287 259 425 970 292 11 457 241 184 793 899 137 979 167 923 942 54 11 126 768 500 587 31 641 748 999 561 93 890 274 739 982 453 670 161 884 747 524 463 701 217 877 521 718 463 704 965 758 464 865 914 947 759 937 330 36 308 56 939 818 910
28
643 228 707 772 601 958 643 5 337 620 531 736 247 272 437 599 85 70 108 218 615 297 701 187 460 740 953 977
95
551 223 261 259 75 542 111 965 156 488 387 659 642 11 246 51 564 505 839 510 754 495 892 467 773 954 706 119 117 741 728 850 838 727 617 734 368 858 84 145 154 262 810 553 243 716 595 559 820 151 85 948 557 556 266 768 634 146 444 593 666 4 160 752 556 420 725 248 7 714 719 392 620 561 684 320 266 923 418 480 542 283 372 867 444 632 847 90 958 609 525 382 880 227 925
7
46 640 924 965 299 650 548
99
983 502 887 339 955 595 233 89 132 569 872 576 474 750 417 823 68 995 367 256 195 86 650 373 295 81 130 106 409 439 655 482 470 263 719 734 828 505 42 552 84 109 870 982 565 899 978 889 801 260 769 917 766 880 557 67 627 337 532 554 300 277 868 77 692 561 103 254 911 24 539 839 577 731 625 673 726 298 343 989 463 785 740 144 342 69 744 877 198 926 886 106 609 943 662 531 560 168 331
125
713 621 350 187 968 15 101 29 836 200 172 15 796 932 902 310 478 555 752 164 532 786 138 252 884 698 323 226 379 896 456 433 261 971 360 912 355 309 455 431 233 40 997 747 683 970 507 441 163 707 201 895 274 491 655 790 993 257 758 948 234 278 745 102 168 71 133 650 743 825 51 130 554 639 758 317 992 727 142 535 417 795 55 649 682 572 934 19 491 96 682 862 498 412 507 398 822 837 817 308 153 543 571 994 450 177 859 952 983 792 179 179 596 919 262 261 938 216 357 232 679 837 940 611 245
135
145 359 250 720 984 148 452 676 494 268 614 625 440 601 252 263 846 426 855 930 778 208 189 605 295 383 744 305 304 625 121 748 231 180 57 388 822 164 548 162 837 75 26 67 281 612 315 641 397 567 487 513 95 502 111 614 193 478 59 331 411 738 513 277 402 714 87 70 799 416 61 502 726 715 338 308 217 516 953 27 9 510 895 248 673 387 620 695 846 585 564 972 879 131 753 479 381 364 159 850 271 902 779 84 133 56 17 888 318 111 136 47 512 171 20 297 579 954 929 939 283 930 246 315 457 472 405 927 68 726 590 979 137 200 171
131
484 535 259 810 850 583 718 987 117 3 530 267 811 744 808 264 915 223 710 866 348 76 578 807 108 572 911 958 275 3 623 279 90 435 494 255 546 105 942 921 269 833 165 328 635 81 663 777 106 91 192 53 142 685 730 525 281 706 600 462 959 955 925 771 88 184 892 538 659 600 181 479 579 65 312 684 24 633 937 506 365 411 72 329 882 789 155 115 854 741 595 39 586 148 696 882 740 931 346 56 663 90 845 719 211 320 919 196 591 708 554 535 24 753 665 242 371 985 952 599 927 633 124 823 512 857 836 878 130 431 635
44
51 857 3 935 242 432 696 580 370 237 470 980 637 299 975 539 511 932 325 428 736 784 672 135 61 288 797 877 669 272 764 547 883 954 988 865 300 712 645 991 518 921 17 669
72
53 728 648 808 636 782 997 782 728 251 638 485 35 816 409 905 242 953 368 258 361 59 651 755 385 539 73 39 580 120 534 459 465 302 598 387 459 840 312 733 388 873 902 796 318 799 96 482 18 165 712 366 482 4 680 734 528 133 279 536 370 541 539 883 477 301 145 5 798 741 360 96
16
565 467 366 991 992 988 165 419 573 566 634 872 35 636 670 554
52
117 591 38 598 728 598 556 323 268 488 377 443 696 131 800 348 610 823 848 54 723 846 929 149 831 33 376 140 34 745 699 56 726 271 750 366 105 272 211 818 652 201 327 277 38 251 337 642 254 882 479 101
16
136 361 784 726 561 958 676 960 810 125 256 975 451 412 57 635
3
796 342 884
12
822 623 5 235 750 690 820 69 118 105 766 423
74
947 368 924 886 653 401 246 158 621 363 681 221 667 128 964 501 605 457 628 80 37 689 879 692 177 160 130 577 478 363 32 284 458 761 279 260 621 321 256 57 59 783 259 780 17 789 989 569 657 318 111 818 627 798 700 870 98 317 583 350 793 442 382 663 264 12 191 59 703 684 149 938 789 974
75
71 301 870 869 349 422 984 432 888 166 663 589 39 714 247 190 559 92 679 957 348 522 853 566 312 823 621 296 870 720 317 247 936 389 56 545 692 73 202 746 653 224 730 303 974 981 195 908 257 861 117 570 182 787 442 113 191 977 498 189 1000 752 839 568 12 220 477 252 178 206 529 907 446 159 482
15
484 302 789 77 680 543 266 545 753 809 220 195 636 505 118
113
44 72 265 710 118 766 458 194 819 993 640 549 927 654 963 211 71 355 328 893 512 350 169 788 393 318 193 138 554 708 773 719 734 381 758 525 556 983 316 168 756 893 20 133 764 281 105 822 626 637 369 832 628 270 742 377 803 350 133 633 790 461 659 124 515 810 875 560 624 675 573 978 896 751 145 944 809 564 112 874 113 803 275 889 665 140 509 492 402 342 139 316 20 767 500 707 734 477 804 461 655 703 362 930 507 339 465 96 465 948 764 617 417
153
771 350 843 490 178 160 11 106 672 22 232 776 413 840 955 24 108 975 13 749 536 295 89 932 763 42 737 731 369 465 181 166 572 34 558 350 505 649 272 694 47 804 966 619 568 352 711 743 927 57 438 787 425 426 87 855 185 545 469 559 172 582 153 387 907 648 269 523 294 612 391 733 813 867 897 69 394 182 557 799 402 769 301 396 555 505 768 183 360 619 321 875 279 603 410 915 171 622 62 413 741 748 203 356 773 485 718 128 335 911 145 268 833 193 671 244 57 351 873 121 547 891 529 467 879 772 915 842 473 518 75 496 858 406 801 134 652 975 585 626 795 430 23 282 599 926 176 200 390 145 148 649 454
156
216 203 440 614 240 723 256 509 905 409 409 645 899 184 998 997 990 94 586 191 28 156 465 52 436 418 952 170 471 435 263 828 971 336 199 612 509 979 165 559 819 610 350 349 1000 406 782 75 312 464 505 303 179 47 346 40 183 64 153 463 205 18 383 693 734 756 406 779 687 662 100 72 351 201 246 747 513 948 296 229 92 884 986 201 984 998 55 955 60 4 335 707 35 499 4 517 708 821 146 526 608 7 696 716 943 609 891 90 459 861 929 935 926 702 610 2 192 38 83 772 56 732 501 50 147 73 610 230 363 365 503 129 655 595 53 783 144 950 154 574 835 870 997 12 602 738 502 61 246 35 731 286 911 315 479 281
43
201 876 37 621 162 538 553 813 350 240 541 222 276 79 772 308 498 807 154 932 445 280 991 654 121 330 421 621 221 312 147 151 271 711 574 143 288 317 753 680 907 341 881
156
479 503 176 827 494 75 956 47 633 94 586 540 931 37 500 157 879 726 293 513 470 503 629 333 97 110 750 203 359 687 145 616 619 340 677 315 262 278 701 576 276 610 269 629 190 847 553 172 755 764 970 599 819 919 158 954 874 687 826 474 662 819 535 436 205 683 567 168 53 244 314 395 113 850 25 244 277 477 934 142 415 318 662 716 338 323 85 660 864 30 796 394 347 796 937 661 952 401 235 598 872 440 287 556 964 216 980 557 493 987 41 735 318 720 374 405 670 576 413 829 86 197 446 142 267 534 745 734 88 528 268 73 211 967 129 975 570 610 58 444 842 804 580 563 668 110 941 284 620 209 404 378 592 546 756 42
145
31 508 141 953 350 958 550 665 908 378 575 541 258 510 534 623 844 932 917 173 92 304 775 128 99 652 118 394 519 482 250 995 72 806 252 679 453 862 968 199 20 790 25 899 222 764 974 489 32 125 722 205 462 98 66 342 290 771 791 888 434 918 595 850 192 843 248 814 643 871 316 305 18 739 225 775 265 969 985 12 972 603 102 297 352 151 599 73 73 787 111 6 374 833 112 637 641 911 565 195 586 470 125 386 443 948 498 773 694 504 889 12 963 498 237 723 726 932 812 405 981 33 915 401 6 377 213 54 719 270 190 889 392 318 183 983 994 277 426 73 627 6 116 396 465
145
778 553 68 861 388 688 625 273 487 59 640 209 847 90 479 731 305 851 439 723 214 52 164 545 491 599 627 598 85 168 20 82 651 78 830 388 228 788 689 95 631 474 495 998 345 117 908 308 768 247 789 922 942 68 621 406 666 891 897 580 121 190 149 476 554 118 536 111 950 509 291 303 518 609 791 155 375 186 475 83 136 297 29 118 716 964 776 606 107 378 723 85 195 752 539 494 779 709 70 962 744 32 376 277 689 940 828 876 173 278 280 390 805 915 274 812 459 832 641 62 433 295 756 892 399 370 79 757 196 776 845 64 45 977 439 333 180 944 289 366 360 156 510 799 50
138
794 111 648 35 741 394 530 542 976 693 81 690 840 270 207 849 631 965 42 324 729 938 691 303 188 180 315 953 673 827 308 195 432 460 853 218 904 551 576 651 891 333 342 82 15 299 402 758 737 662 882 12 85 690 289 511 792 939 378 881 782 159 815 329 712 702 904 425 349 430 896 578 185 904 616 990 43 57 935 66 200 222 593 398 197 551 563 947 25 326 201 912 497 173 671 432 37 81 836 635 176 838 445 71 142 240 30 395 46 524 138 89 446 793 59 742 197 687 141 351 667 346 981 289 685 290 560 540 685 354 646 373 983 362 653 399 558 500
9
429 500 888 809 703 608 156 413 199
28
260 419 607 26 753 489 656 591 489 5 217 75 948 481 66 227 710 658 116 93 21 487 928 826 17 590 24 379
2
130 550
21
643 713 495 482 674 98 371 362 424 636 372 835 291 633 72 250 973 905 436 927 569
171
207 251 250 462 657 977 960 486 614 201 776 858 291 951 574 26 724 299 58 870 567 961 668 730 633 464 53 838 578 152 380 905 591 844 577 141 981 424 185 421 629 636 231 884 280 237 724 159 760 645 770 674 624 9 762 729 377 897 472 540 890 116 712 318 164 281 72 991 415 586 914 876 900 811 4 592 281 249 765 677 242 213 118 83 658 383 970 585 525 431 132 369 193 967 972 76 625 373 485 327 205 573 286 718 906 506 323 109 569 381 423 494 919 198 352 388 113 247 751 302 857 289 267 159 241 573 625 866 963 37 322 938 882 83 913 440 945 943 871 686 278 894 861 576 347 773 229 266 529 405 102 844 689 737 994 907 656 571 805 33 229 260 140 756 771 698 120 612 422 51 454
172
540 920 396 814 897 925 946 689 302 581 362 72 680 859 597 320 433 971 540 975 837 270 280 393 594 884 78 56 628 548 778 298 885 239 399 372 326 723 417 837 293 132 847 61 635 612 624 252 919 490 721 415 716 761 152 477 181 239 144 711 321 966 497 926 374 560 203 487 990 235 799 665 200 804 114 223 77 471 615 1 209 661 520 477 185 734 145 443 495 910 809 518 390 484 549 398 164 29 251 954 156 1000 944 138 661 226 102 571 651 721 174 852 216 550 966 934 318 748 742 832 779 621 77 111 218 667 763 669 690 747 491 905 669 30 448 284 759 202 800 780 465 982 600 17 713 154 430 188 200 140 541 504 847 455 105 584 935 870 111 32 404 15 888 624 117 658 874 731 738 864 307 158
26
545 347 980 993 862 740 861 570 477 721 247 535 650 800 485 314 570 37 371 590 467 949 116 127 800 148
141
3 857 251 893 139 134 977 896 2 996 517 853 993 33 6 896 189 513 855 696 566 586 217 866 156 317 487 896 504 179 136 575 612 319 957 614 104 715 288 226 2 562 764 22 833 916 655 256 679 520 921 671 120 579 151 417 619 519 393 536 268 320 628 28 251 143 76 692 405 593 538 886 932 474 38 702 694 571 257 347 895 299 978 613 308 921 595 979 61 287 183 545 830 34 498 30 619 790 157 635 645 518 308 392 116 106 942 49 315 633 129 877 259 30 551 591 621 303 361 157 344 303 486 998 539 382 47 417 719 614 195 96 556 366 986 3 383 612 777 705 45
283
865 746 774 916 595 783 584 777 660 875 527 213 777 635 302 703 512 216 277 869 898 150 488 412 600 213 943 350 697 660 655 5 686 645 604 3 755 67 361 364 930 81 134 403 357 580 341 674 167 952 217 213 455 897 835 661 746 104 322 706 845 709 382 26 340 171 514 654 938 679 51 204 29 106 617 303 333 934 794 122 665 541 861 84 901 389 761 404 268 480 115 614 518 336 126 630 855 328 458 505 796 213 131 332 34 539 621 196 197 948 329 516 426 859 679 740 697 231 880 134 274 923 614 957 971 570 706 446 387 712 282 65 990 523 749 128 54 160 964 213 354 818 607 931 93 534 617 355 662 42 34 983 792 427 671 234 413 422 743 606 28 30 860 264 355 724 940 966 227 741 484 776 239 541 168 676 400 705 985 595 841 650 99 922 689 158 146 307 530 656 833 881 709 487 406 603 40 213 165 7 566 854 128 208 97 976 864 282 614 601 162 546 764 556 721 435 771 134 931 155 741 381 347 932 956 375 811 118 712 144 764 321 810 654 964 633 995 495 786 42 410 138 912 307 70 67 470 63 672 735 575 310 603 319 642 346 843 474 912 421 32 867 268 88 237 98 36 511 793 670 147 376 962 280 768 154 512 355 350 545 509 791 409
656
87 612 778 496 104 548 31 972 434 577 802 767 482 822 4 693 56 10 710 743 984 479 532 210 448 888 671 655 158 480 869 900 590 760 702 201 789 112 206 128 941 815 634 531 853 822 465 289 971 622 712 35 593 522 42 441 658 79 147 386 695 823 447 472 155 349 835 954 671 243 335 363 978 888 351 320 177 853 293 878 399 38 205 753 697 518 693 746 985 955 598 208 764 40 523 975 34 377 45 318 610 657 200 570 64 136 6 848 732 449 950 536 799 855 961 421 156 767 337 137 913 568 709 597 753 383 605 885 336 831 687 354 714 534 332 938 312 531 531 426 944 244 583 675 416 236 23 842 870 48 538 314 719 738 788 516 362 895 746 694 712 516 614 570 651 854 879 605 456 710 657 256 586 458 204 579 748 993 115 485 411 519 252 208 206 574 535 946 755 646 180 886 23 787 190 81 457 644 326 496 987 228 629 478 206 801 905 812 746 66 827 353 879 838 107 97 610 455 809 890 623 646 89 585 392 232 218 171 607 573 427 168 454 233 306 177 120 635 499 674 355 988 577 99 173 18 220 976 904 386 519 785 484 427 468 923 647 431 583 301 827 101 428 351 236 377 765 533 812 350 716 713 726 338 306 974 619 223 146 745 748 89 44 554 124 603 49 321 41 972 448 403 512 552 492 811 586 257 826 181 302 452 202 158 652 944 777 799 467 808 184 64 8 546 542 194 637 8 701 597 169 420 931 144 241 521 287 486 571 796 5 533 938 161 584 643 859 74 123 993 699 314 413 665 171 736 318 708 9 255 42 348 356 706 161 720 443 909 321 598 563 863 577 898 196 491 986 453 158 261 300 273 997 642 658 392 254 712 259 741 5 924 190 42 293 435 641 616 75 640 78 446 55 12 547 208 439 652 916 928 626 524 671 946 782 473 372 586 495 397 911 392 677 571 364 491 552 185 869 244 579 62 258 873 130 577 174 194 465 713 242 104 194 635 617 337 714 998 280 897 370 899 511 26 149 967 383 636 834 786 434 551 864 330 818 317 24 529 959 877 988 582 9 746 131 319 326 698 197 876 384 618 969 846 542 79 217 806 398 407 14 10 452 510 22 66 465 220 766 337 818 260 214 647 468 904 936 491 737 656 115 982 994 105 650 754 825 802 165 746 890 905 353 51 686 164 953 752 659 740 184 595 899 468 713 223 414 111 549 547 487 207 808 273 161 50 217 604 676 7 212 520 400 655 614 491 964 726 492 705 12 520 769 357 885 552 722 123 797 452 255 692 708 76 40 16 785 626 209 95 763 339 420 619 413 467 402 685 868 63 573 840 488 532 965 587 165 93 341 439 109 81 785 792 659 787 799 89 134 235 414 576 977 306 815 913 827 387 239 62 528 996 871 603 355 972 776 143 966 766 926 815 568 460 8 797 441 991 792 806 29 194 909 242 947 487 203 28 840 353 684 536 773 280 965 988 754 699 279 63 301 1000 17 327 979 31
447
327 610 509 425 893 440 500 321 305 28 151 970 17 703 538 474 961 366 104 821 544 847 383 974 718 46 951 49 922 731 784 346 712 97 88 468 911 109 395 791 433 121 397 985 195 652 883 720 44 424 216 873 411 832 947 464 865 772 622 84 821 875 681 790 678 627 61 566 371 815 564 930 326 78 709 252 504 12 343 711 358 167 267 102 464 568 667 201 162 364 305 485 940 887 904 774 356 380 831 435 588 834 884 943 989 174 925 191 746 353 113 237 762 775 437 360 541 379 923 558 47 34 997 615 163 915 87 407 703 207 147 599 333 938 333 208 953 582 478 734 758 353 455 413 324 947 683 963 188 886 951 330 76 769 710 839 285 467 132 988 841 97 556 654 483 932 581 340 551 554 15 989 936 591 419 364 840 495 801 315 386 819 843 961 507 646 647 370 623 715 658 345 568 837 167 588 858 322 78 684 914 957 50 240 508 399 123 885 723 529 170 444 187 704 955 384 826 405 516 586 125 704 972 515 672 928 311 277 301 698 14 542 62 820 331 234 925 709 346 85 24 203 427 90 634 632 563 410 388 705 522 204 555 524 208 677 411 750 681 573 66 479 352 70 439 819 327 681 368 781 604 823 771 993 239 184 12 791 871 908 6 183 141 748 181 637 393 972 335 867 720 383 27 613 743 711 889 293 225 31 945 803 844 367 608 17 938 644 837 201 324 937 178 243 112 798 534 918 507 91 735 994 729 233 853 816 809 205 193 151 710 602 300 668 504 610 636 277 146 200 769 554 916 557 686 56 680 614 379 795 65 878 736 104 872 221 411 404 529 533 634 429 434 260 157 747 3 739 610 257 728 546 804 742 108 133 293 483 400 999 640 465 153 282 892 896 360 409 75 150 242 322 185 666 192 578 679 476 673 878 230 443 499 220 665 306 792 885 812 256 733 599 241 842 814 90 313 647 189 7 671 249 226 8 664 235 572 256 471 715 814 536 253 941 261 347 197 273 509 583 462 602 258 969 73 948 300
427
826 425 828 588 516 16 468 404 165 259 715 530 281 28 310 149 338 515 242 283 772 454 13 569 575 798 436 136 302 730 383 440 244 90 145 44 206 417 132 905 211 120 305 516 401 35 21 64 961 243 455 56 50 599 501 543 963 327 231 993 906 855 763 694 858 717 303 843 545 655 294 276 775 732 449 466 826 685 439 805 175 519 271 310 995 536 482 564 335 787 870 417 618 762 4 47 736 991 419 997 416 783 54 664 676 3 720 904 649 948 472 664 318 875 279 745 650 931 894 68 894 468 693 570 281 668 750 890 602 315 480 253 552 259 936 194 950 178 265 913 378 382 900 854 748 428 3 117 708 45 47 908 172 502 913 697 125 682 637 376 757 174 323 537 245 753 183 733 841 765 25 771 377 222 383 707 941 614 606 85 765 339 631 647 341 630 221 338 584 985 965 504 396 932 223 668 547 75 697 701 410 184 187 672 530 880 773 546 835 853 516 159 496 888 611 993 870 880 366 977 559 860 826 483 859 640 193 737 174 655 290 999 468 998 340 750 784 441 162 719 852 964 570 189 467 488 952 615 10 632 168 633 461 286 753 119 631 343 652 894 249 720 620 806 187 684 103 591 272 35 122 134 627 752 188 429 24 31 105 261 462 369 150 720 696 845 4 487 322 981 637 949 937 386 764 190 275 925 921 696 494 796 610 12 941 453 309 321 828 569 985 614 684 688 613 249 930 125 376 392 650 493 904 691 378 922 38 252 529 686 982 789 894 167 484 789 420 534 122 966 947 835 118 286 978 288 488 7 800 440 113 645 507 820 751 668 751 674 990 892 304 923 185 306 851 495 861 644 862 120 846 856 456 615 26 417 619 406 60 920 166 819 340 179 263 158 449 380 814 656 1000 521 660 312 54 851 842 451 377 125 142 414 549 43 849 531 811 596 412 806 580 894 632 427 963 461 524 54 488 535 393 255 864 823 834 376 642
828
943 140 765 397 505 397 245 579 240 610 604 739 831 44 509 798 377 475 491 799 869 169 976 121 357 251 355 34 565 984 968 280 38 927 27 583 922 929 87 684 442 24 857 992 403 235 426 924 15 111 857 62 823 115 158 134 654 960 43 215 569 315 862 261 371 545 649 87 237 310 730 297 890 865 341 362 665 319 88 820 884 499 279 229 741 663 886 585 119 218 989 578 810 942 389 517 209 604 753 954 382 767 312 432 974 545 334 130 670 366 154 722 836 523 419 601 515 90 515 704 302 366 989 622 973 101 227 598 389 646 464 963 786 584 13 187 568 717 383 174 959 962 245 58 109 388 807 893 29 776 346 413 405 718 744 327 565 723 676 922 787 994 755 711 388 215 894 104 493 632 796 722 879 704 132 32 33 488 513 453 600 52 134 526 657 760 584 633 38 181 315 382 911 204 844 777 608 382 886 825 953 374 897 240 739 587 852 151 485 829 83 790 166 307 964 525 333 215 827 497 597 383 661 206 716 449 385 822 867 114 946 211 895 659 282 943 542 624 417 373 709 710 835 739 766 817 727 103 375 911 163 291 445 412 941 590 712 771 13 825 407 526 726 946 933 83 971 544 203 67 926 244 213 959 603 945 697 705 668 176 489 580 902 202 354 153 448 298 117 408 163 606 731 423 333 706 309 530 320 457 57 671 687 18 352 252 305 107 381 336 886 428 904 859 190 90 96 882 601 254 16 331 17 82 216 57 203 415 20 212 181 238 945 697 201 945 452 994 256 821 261 553 202 911 720 110 681 160 308 898 773 358 972 968 762 264 468 703 246 525 557 446 6 2 793 61 928 766 723 859 891 668 933 282 331 229 741 915 177 567 865 998 695 925 583 387 817 124 441 342 671 160 46 243 71 913 116 926 439 621 905 901 952 243 841 268 478 849 962 213 132 195 43 594 572 1 731 360 252 371 294 210 284 804 185 879 884 584 655 337 483 98 708 907 474 255 382 726 126 465 652 928 181 73 895 657 608 124 653 131 638 88 772 102 753 204 107 910 953 82 116 402 63 649 726 617 893 987 631 874 304 295 567 544 303 364 184 552 814 844 945 233 915 176 217 199 505 302 336 940 203 835 929 404 856 774 516 547 140 643 481 733 104 809 223 753 544 241 874 43 882 219 618 301 286 710 456 345 145 188 548 133 100 160 585 228 641 885 682 189 21 468 399 170 561 961 247 816 651 627 953 429 353 14 862 715 717 511 13 495 788 739 250 646 617 148 681 358 295 809 172 540 579 929 652 679 551 148 845 991 275 582 514 619 591 105 847 871 627 518 621 918 383 575 207 42 718 180 324 485 165 976 942 466 930 623 935 629 696 807 931 924 334 207 576 329 831 56 889 165 484 727 523 970 597 396 727 573 568 795 238 398 528 12 883 813 550 169 785 555 221 356 85 98 151 130 999 514 37 263 714 849 428 695 787 270 875 590 398 259 377 246 699 716 835 67 656 824 27 12 840 443 484 624 881 765 130 273 67 931 647 970 605 64 959 433 337 343 877 977 95 368 566 240 296 429 411 263 897 527 453 395 935 522 25 262 913 481 435 155 937 928 894 261 717 980 657 746 658 825 438 713 624 456 156 477 96 810 572 285 921 918 560 818 795 595 647 756 27 947 846 345 108 772 200 51 447 939 854 493 33 727 394 34 443 400 693 786 527 146 137 41 510 810 568 966 350 91 35 605 777 437 751 41 281 396 433 282 679 120 802 886 106 214 502 975 621 930 839 586 201 775 438 271 890 941 777 594 926 734 376 268 903 77 354 982 658 195 876 644 904 79 329 290 682 602 350 654 169 92 4 305 971 166 760 179 42 293 151 114 590 391 595 471 115 590 275 125
