100
-996 -215
385 -156
847 147
583 -436
40 719
-73 -252
282 350
-361 -282
786 458
-988 291
-575 -345
-557 194
95 -818
330 -108
736 -285
770 -583
-255 -437
-164 -383
821 912
992 772
-419 641
792 921
-390 790
-721 -285
366 969
-273 917
-840 551
-783 108
-685 770
-931 50
-941 -806
573 812
361 -38
-490 473
-887 464
420 -997
381 588
-947 662
-652 -940
-354 573
-656 247
-383 -834
251 -483
-703 -387
-970 -742
757 253
746 704
-56 -973
560 -285
255 -96
642 -326
89 923
79 376
221 -13
5 -692
-532 -675
300 288
346 -598
625 751
155 370
-838 169
490 50
-305 -660
-511 377
-605 828
-545 -730
-572 -51
-264 522
-216 325
700 77
607 -588
-236 159
139 566
-487 194
-74 545
243 -814
40 -2
732 310
-436 241
-451 -747
-184 -764
220 498
547 188
290 -961
-69 -644
-906 -965
754 471
-963 -74
118 359
826 994
141 867
-72 857
741 -434
444 -319
-727 -600
-463 -669
-322 -228
501 160
-804 -30
-291 -573
