100
87037
15104
99537
84215
67495
33676
5987
69573
70662
9689
8884
61469
5063
4557
1783
71918
95379
6464
67882
2079
41611
3932
6173
6401
2726
77426
47206
54473
30983
4968
1469
8779
3725
3278
47542
56589
6246
88739
94501
87845
3765
55585
86018
4084
79716
4943
1462
5896
89846
18744
94546
4053
2681
5628
34544
9237
8537
87275
2291
86012
5513
9325
79971
1725
42521
41154
5488
84655
41142
68741
86283
27788
5381
78157
31893
42125
51636
73709
24958
94682
6612
10397
18664
62328
8763
8818
34848
11813
7846
74259
9898
3202
33399
4713
32517
53113
80128
1899
86028
45035
