100
20
)()))(())))())))))((
36
))(()(()))))(()()())((())()))())()((
25
))()((())()((()((((((((()
26
))()((())())))())))(()))((
28
)(()(()))(((()(()))(()()))))
59
)((())))())((()()()))))((()))(()((((()((()(((()()))()))((((
94
)()((()()((()()))(()())()()((()())(())()())))(((()()()()(()()())))))))()()(((())(((())))((((((
30
()(())())))((())(((())())())()
1
(
9
()))((())
37
)))(()((((()(()((()(()())())())))()))
23
(()())()(()))))(()(()))
30
((()()()()))(()(()))()()())())
27
()()))))()()(())())(()((()(
62
))(()()(()))((()))()))))()(()(()))(((((()()()))()))()(())())((
39
))(()()((((())()))))()()(())((())()((()
26
()((())())()()())(())())((
22
(())())))(())))(()()((
82
)((())))))())))))()())(())))()()))()((())()())(()(()(()((((()((())()(((())(()((()(
37
(())(())(((((())(()())))(()()))))((()
62
))()((())))))()()())()))())((()))())()()))(()((()((()))(())()(
51
(()))(()((())()()(()(((((()()(()))())(()())(())(()(
95
)()(()()((())()((((())(()((()))))))(()((()()))(()))(())(((()(())(()()((()(()((()))))))()()()())
43
)(())()(()(())()))()((()()()(()(((()(()))((
76
))()))()(()())())()))))((((())()((()()(()))()(()(())))()((()()))(()()())())(
5
())()
38
(((()))))(()))(()()))()()()))())())(()
82
())((((()))(())()(()((((())()(())())(((((()()((((())(()()))()(()))(((()()))(()(()(
71
(((()((()))(()(())())()(((((())()()))(()())()()((()(()))))())))))))(())
80
)())())(()(((()())())()))()(())()(((((()(())(()()(())((((()((()(()()()()(()()(()
78
())()))()())()))()))()())()))()))(()()(())))((()())((())((())(()()))()))((())(
49
)(()))((()(()((((((())())((()))(())))))(()((()(((
44
)())))(((()(((()(()(((((())()))()()(((((())(
27
)((()))(()())()))()(())))((
86
()()(()))()())(()(((()())())())(()(((((()))((())((())))))()())(()()()()(())))(((((()))
67
(()))))))(()))))((()(((()((()))))))()((()(()()((()())))((())()(()()
11
((()))()()(
37
)(()()((()))))(()))()))))()))))))))))
85
((()()))())())()(()(()()()())((()((())(((()(())((()())())))))))))()()((())()(((()))))
12
(()))()(()((
67
)(())(()()))()()))((()()(())(()())(()(())))()(()())))((((()()(()(((
70
)()()((())))(((()((())(()()()())((()))(()()())))))())))()((()()((()))(
14
())()()()(((()
75
()()))))(((((((((()((())())())(())))((((()()))()))()(((())()(())))()(()(())
90
()()))))(()(()))())((())))()((()())))(()(())()(()()())(()())())())(((((()((()())()(((()(()
31
)()))))())((())))())())()((()))
84
((()))(((((()((((()()()))(((())))(()()))))))(()()()(())))))(())()))))(((((((()(())))
11
()))))())))
48
(()))((()))(()())(()(()()))))((())()(((()())(()(
16
()(())()(())(()(
1
)
41
))()))()(()((()(()(((())))))(()()((((((((
97
())))(((((((())((()())))()(((()()((())(()))()))()))(((()(()()()(())))(()))(((((()((()(()(()(())((
87
(((()((()))((()(()(((())(()(()()(((())(()()()))))(())(((((())())))(()())())()(()))(()()
6
))()))
23
(((()(()()()((()(())())
42
)(()((((()(()((())())()))(())(())(()()(()(
98
))(())((((())(()))()((()))))(((()()())())())(((())((()))())((()(())))(()((((())((((()(((((()))((()
36
())))(()(((())((()()))()))))))(()()(
13
((())())))(()
70
(())()(()(((()()()(()))))))(()()))(()))))))()()()(((())()(()(()((()(((
88
((()(()()(())))()(()((()))(((())()()()())(((()((((())((()(((((()))(()()((())))((())((())
7
))(()((
29
)()())()()()((())()()()(())()
39
()(())((((((()(()()((()()))))(())(()(()
53
)((()()()()()(()))((()))())()))()((()))))((((()(()()(
8
))(()(()
19
()()()()()))()())()
40
()(())()()))()((())((())))(()))))()(((((
8
)(()()((
22
)()((()())()))(()((())
18
)(()()((()(()()(()
74
()(((())((())()()(()(()))()()))()))(((()))()()))(()(()))((()((((())(()))((
22
))((())(()(((()()(((()
38
))))()())((()(()((()()(()))()(())((()(
5
()))(
25
))()))))))()()((())((((((
7
)))((()
16
)(()()(()())))))
88
((()())()()(()()))(())()()(()))(())()))))((()))((()())((()(()(((()()()))))))(((()()(()))
32
)())((()(((())))()))())())))()))
60
))()()()(((()(()()()((())((()()((((())((())(()((())((()()(((
95
)()((()((())())()))())())(())(()())(()()()())))))((()))(()(((((()))))(())((((()()(()((((((()))(
25
()()())())()()()()))())((
50
)()))(())))((()()(((())())((((((())))()())()()()((
84
(()(((()())()))()(((()())())((((())(()())(()(())()))()())())(())())))(())))()))()(()
73
())())()(()(()))(((())))))(()))))(()())()()())((((()(()(())(()))()())))()
62
(())(()(()()()))((()()((())())((()()())(()((()())))()())((((((
95
(())))((((())))(((()(()))()()))()(()()))()(()(())(((((())))(())((()((()())))((()(((()((())())((
91
()()))(()))))((())))))()(((()((()(()))()))(()))())()(((())())((()(())()()(())((())(((())())
62
)(()(()())))()()())()()())(())))((()))(()()(((()(()))))()())))
57
)()))()()()())()()))())())))(((())))))()))(((((()(()))(((
58
((()()))()((())))((((())))((()()())))(((()))))((((()()(())
29
()())(()()))((()()()()))(()()
48
))()(()(((((()))(()())))(((()(()())((())())))(()
35
)())((()()()())))))(((((()(((()))((
8
()((()((
34
)))(()((())(((((((((()))()()))(())
57
)()(((((((((()()(())()(())(()(())())()))())(((()(()((()))
71
())((()()))(((()))()(((()((())))))(()(())(()))()))()(()))())((()()()()(
