73167176
53133062
49192251
19674426
57474235
53491949
34
96983520
31277450
63262395
78318016
98480186
94788518
43
85861560
78911294
9495459
50173
7958
33195285
32088055
11
12540698
74715852
38630507
15693290
96329522
74430435
57
66896648
95044524
45231617
31856
40309
871112
17223831
13
62229893
42338030
81353362
76614282
80644448
66452387
49
30358907
29629049
15604407
72390713
81051585
93079608
66
70172427
12188399
87979087
92274921
901699
72088
80937
76
65727
33300
105336
78812202
35421809
751254
54059
47522
43
52584907
71167055
60136048
39586446
70632441
57221553
97
536978179
778461740
649551492
908625693
219784686
22482
83972241
37565705
60574902
61407972
96865241
45351004
74
82166370
48440319
98900088
95243450
65854122
75886668
81
16427171
47992444
29282308
63465674
81391912
31628245
86
17866458
35912456
65294765
45682848
91288314
26076900
42
2421902
2671055
6263211
11109
370544
2175069
416589
60408
07198
4038509
6245544
4362981
230987
879927
244284
909188
845801
5616609
7919133
875499
20052406
36899125
60717606
0588
611646
710940
507754
100225
698315
520005
593572
9725
716362
695618
826704
282524
836008
232575
304207
529634
50